#############################################################################
                  ARQUIVO DE ENTRADA DE DADOS
           PARA A DISCRETIZACAO DE UM SOLIDO  2486
             ATRAVES DO MESHLESS LOCAL PETROV-GALERKIN
#############################################################################
____________________________________________________________________________
   N DE PONTOS NO CONTORNO, N DE PONTOS NO DOMINIO,MAX PONTOS NO SUPORTE,
N DE CANTOS, TIPO DE APROX. P OBT. DAS FUNÇ. DE FORMA (1-LIN.,2-QUAD,3-CUB.)   
____________________________________________________________________________
   57,113,45,5,1
____________________________________________________________________________
   N DE P. DE GAUSS, MÓDULO DE ELASTICIDADE, COEF. POISSON,Espessura,CARGA,
 N DE NOS COM VALORES PRESCRITOS # DE ZERO,PONTOS ADICIONAIS NO SUPORTE
____________________________________________________________________________
   16,1.,0.25,0.,-0.,10,4
____________________________________________________________________________
   Min de pontos no suporte do Pto de Gauss, PENALIDADE
   XXXXXXXXXXXXXXXXXXXX
____________________________________________________________________________
	9,1.e10
____________________________________________________________________________
  NO DO CONT, COORD. X, COORD Y,NO DE CANTO (0-NÃO, 1-SIM),
	CANTO ANT(SENT ANTI-HORARIO POSITIVO), TIPO DE PRESC (0-FORÇA, 1- DESL.)
											(Mn OU 0n) (Mns OU 0s) (Vn OU W)
_____________________________________________________________________________
1	5.00	0.00	1	49	0	1	0
2	6.00	0.00	0	0	0	1	0
3	7.00	0.00	0	0	0	1	0
4	8.00	0.00	0	0	0	1	0
5	9.00	0.00	0	0	0	1	0
6	10.00	0.00	0	0	0	1	0
7	20.00	0.00	0	0	0	1	0
8	30.00	0.00	0	0	0	1	0
9	40.00	0.00	0	0	0	1	0
10	50.00	0.00	0	0	0	1	0
11	60.00	0.00	0	0	0	1	0
12	70.00	0.00	0	0	0	1	0
13	80.00	0.00	0	0	0	1	0
14	90.00	0.00	0	0	0	1	0
15	100.00	0.00	1	1	0	1	0
16	100.00	10.00	0	0	0	0	0
17	100.00	20.00	0	0	0	0	0
18	100.00	30.00	0	0	0	0	0
19	100.00	40.00	0	0	0	0	0
20	100.00	50.00	0	0	0	0	0
21	100.00	60.00	0	0	0	0	0
22	100.00	70.00	0	0	0	0	0
23	100.00	80.00	0	0	0	0	0
24	100.00	90.00	0	0	0	0	0
25	100.00	100.00	1	15	0	0	0
26	90.00	100.00	0	0	0	0	0
27	80.00	100.00	0	0	0	0	0
28	70.00	100.00	0	0	0	0	0
29	60.00	100.00	0	0	0	0	0
30	50.00	100.00	0	0	0	0	0
31	40.00	100.00	0	0	0	0	0
32	30.00	100.00	0	0	0	0	0
33	20.00	100.00	0	0	0	0	0
34	10.00	100.00	0	0	0	0	0
35	0.00	100.00	1	25	1	0	0
36	0.00	90.00	0	0	1	0	0
37	0.00	80.00	0	0	1	0	0
38	0.00	70.00	0	0	1	0	0
39	0.00	60.00	0	0	1	0	0
40	0.00	50.00	0	0	1	0	0
41	0.00	40.00	0	0	1	0	0
42	0.00	30.00	0	0	1	0	0
43	0.00	20.00	0	0	1	0	0
44	0.00	10.00	0	0	1	0	0
45	0.00	9.00	0	0	1	0	0
46	0.00	8.00	0	0	1	0	0
47	0.00	7.00	0	0	1	0	0
48	0.00	6.00	0	0	1	0	0
49	0.00	5.00	1	35	1	0	0
50	0.87	4.92	0	0	0	0	0
51	1.71	4.70	0	0	0	0	0
52	2.50	4.33	0	0	0	0	0
53	3.21	3.83	0	0	0	0	0
54	3.83	3.21	0	0	0	0	0
55	4.33	2.50	0	0	0	0	0
56	4.70	1.71	0	0	0	0	0
57	4.92	0.87	0	0	0	0	0
______________________
 NÓS DO CONTORNO COM VALORES PRESCRITOS DIFERENTES DE ZERO (por enquanto todos os nós de um lado 
 NO   (Mn OU 0n)  (Ms OU 0s)	(Vn OU W) 					recebem a mesma prescrição do canto inicial do lado)  
_____________________________________________________________________________
15	1.00	0.00	0.00
16	1.00	0.00	0.00
17	1.00	0.00	0.00
18	1.00	0.00	0.00
19	1.00	0.00	0.00
20	1.00	0.00	0.00
21	1.00	0.00	0.00
22	1.00	0.00	0.00
23	1.00	0.00	0.00
24	1.00	0.00	0.00
_____________________________________________________________________________
  NO INTERNO, COORD X, COORD Y
_____________________________________________________________________________
58	5.91	1.04
59	6.89	1.22
60	7.88	1.39
61	8.86	1.56
62	10.00	10.00
63	20.00	10.00
64	30.00	10.00
65	40.00	10.00
66	50.00	10.00
67	60.00	10.00
68	70.00	10.00
69	80.00	10.00
70	90.00	10.00
71	5.64	2.05
72	6.58	2.39
73	7.52	2.74
74	8.46	3.08
75	10.00	20.00
76	20.00	20.00
77	30.00	20.00
78	40.00	20.00
79	50.00	20.00
80	60.00	20.00
81	70.00	20.00
82	80.00	20.00
83	90.00	20.00
84	5.20	3.00
85	6.06	3.50
86	6.93	4.00
87	7.79	4.50
88	10.00	30.00
89	20.00	30.00
90	30.00	30.00
91	40.00	30.00
92	50.00	30.00
93	60.00	30.00
94	70.00	30.00
95	80.00	30.00
96	90.00	30.00
97	4.60	3.86
98	5.36	4.50
99	6.13	5.14
100	6.89	5.79
101	10.00	40.00
102	20.00	40.00
103	30.00	40.00
104	40.00	40.00
105	50.00	40.00
106	60.00	40.00
107	70.00	40.00
108	80.00	40.00
109	90.00	40.00
110	3.86	4.60
111	4.50	5.36
112	5.14	6.13
113	5.79	6.89
114	10.00	50.00
115	20.00	50.00
116	30.00	50.00
117	40.00	50.00
118	50.00	50.00
119	60.00	50.00
120	70.00	50.00
121	80.00	50.00
122	90.00	50.00
123	3.00	5.20
124	3.50	6.06
125	4.00	6.93
126	4.50	7.79
127	10.00	60.00
128	20.00	60.00
129	30.00	60.00
130	40.00	60.00
131	50.00	60.00
132	60.00	60.00
133	70.00	60.00
134	80.00	60.00
135	90.00	60.00
136	2.05	5.64
137	2.39	6.58
138	2.74	7.52
139	3.08	8.46
140	10.00	70.00
141	20.00	70.00
142	30.00	70.00
143	40.00	70.00
144	50.00	70.00
145	60.00	70.00
146	70.00	70.00
147	80.00	70.00
148	90.00	70.00
149	1.04	5.91
150	1.22	6.89
151	1.39	7.88
152	1.56	8.86
153	10.00	80.00
154	20.00	80.00
155	30.00	80.00
156	40.00	80.00
157	50.00	80.00
158	60.00	80.00
159	70.00	80.00
160	80.00	80.00
161	90.00	80.00
162	10.00	90.00
163	20.00	90.00
164	30.00	90.00
165	40.00	90.00
166	50.00	90.00
167	60.00	90.00
168	70.00	90.00
169	80.00	90.00
170	90.00	90.00