       0.49618E+01    0.00000E+00    0.00000E+00
       0.00000E+00    0.16322E+03    0.00000E+00
       0.00000E+00    0.00000E+00    0.16818E+03
       0.59182E+00    0.00000E+00    0.00000E+00
       0.00000E+00    0.18188E+03    0.00000E+00
       0.00000E+00    0.00000E+00    0.18247E+03
       0.17221E+00    0.00000E+00    0.00000E+00
       0.00000E+00    0.24624E+03    0.00000E+00
       0.00000E+00    0.00000E+00    0.24641E+03
       0.20299E+00    0.00000E+00    0.00000E+00
       0.00000E+00    0.25825E+03    0.00000E+00
       0.00000E+00    0.00000E+00    0.25845E+03
      -0.64255E-01    0.00000E+00    0.00000E+00
       0.00000E+00    0.26964E+03    0.00000E+00
       0.00000E+00    0.00000E+00    0.26958E+03
      -0.53704E+00    0.00000E+00    0.00000E+00
       0.00000E+00    0.27478E+03    0.00000E+00
       0.00000E+00    0.00000E+00    0.27425E+03
       0.52490E+00    0.00000E+00    0.00000E+00
       0.00000E+00   -0.27407E+03    0.00000E+00
       0.00000E+00    0.00000E+00   -0.27355E+03
      -0.31324E+00    0.00000E+00    0.00000E+00
       0.00000E+00    0.11910E+03    0.00000E+00
       0.00000E+00    0.00000E+00    0.11879E+03
      -0.43188E-01    0.00000E+00    0.00000E+00
       0.00000E+00   -0.54569E+02    0.00000E+00
       0.00000E+00    0.00000E+00   -0.54613E+02
       0.18645E-01    0.00000E+00    0.00000E+00
       0.00000E+00    0.74082E+02    0.00000E+00
       0.00000E+00    0.00000E+00    0.74101E+02
      -0.38331E-02    0.00000E+00    0.00000E+00
       0.00000E+00   -0.61557E+02    0.00000E+00
       0.00000E+00    0.00000E+00   -0.61561E+02
      -0.15788E+00    0.00000E+00    0.00000E+00
       0.00000E+00    0.66349E+02    0.00000E+00
       0.00000E+00    0.00000E+00    0.66191E+02
       0.27438E+00    0.00000E+00    0.00000E+00
       0.00000E+00   -0.74503E+02    0.00000E+00
       0.00000E+00    0.00000E+00   -0.74229E+02
      -0.12614E+01    0.00000E+00    0.00000E+00
       0.00000E+00    0.10262E+03    0.00000E+00
       0.00000E+00    0.00000E+00    0.10136E+03
      -0.16721E+02    0.00000E+00    0.00000E+00
       0.00000E+00   -0.27279E+02    0.00000E+00
       0.00000E+00    0.00000E+00   -0.44000E+02
      -0.41041E+02    0.00000E+00    0.00000E+00
       0.00000E+00   -0.71618E+02    0.00000E+00
       0.00000E+00    0.00000E+00   -0.11266E+03
      -0.49473E+01    0.00000E+00    0.00000E+00
       0.00000E+00   -0.44521E+02    0.00000E+00
       0.00000E+00    0.00000E+00   -0.49468E+02
      -0.33953E+01    0.00000E+00    0.00000E+00
       0.00000E+00   -0.52796E+01    0.00000E+00
       0.00000E+00    0.00000E+00   -0.86749E+01
       0.62904E+01    0.00000E+00    0.00000E+00
       0.00000E+00    0.53691E+02    0.00000E+00
       0.00000E+00    0.00000E+00    0.59981E+02
       0.77533E+01    0.00000E+00    0.00000E+00
       0.00000E+00    0.72360E+02    0.00000E+00
       0.00000E+00    0.00000E+00    0.80113E+02
       0.44658E+01    0.00000E+00    0.00000E+00
       0.00000E+00    0.35492E+02    0.00000E+00
       0.00000E+00    0.00000E+00    0.39958E+02
      -0.23426E+01    0.00000E+00    0.00000E+00
       0.00000E+00   -0.22583E+02    0.00000E+00
       0.00000E+00    0.00000E+00   -0.24925E+02
      -0.68654E+01    0.00000E+00    0.00000E+00
       0.00000E+00   -0.70133E+02    0.00000E+00
       0.00000E+00    0.00000E+00   -0.76999E+02
      -0.37672E+01    0.00000E+00    0.00000E+00
       0.00000E+00   -0.47393E+02    0.00000E+00
       0.00000E+00    0.00000E+00   -0.51160E+02
       0.69876E+01    0.00000E+00    0.00000E+00
       0.00000E+00   -0.86580E+01    0.00000E+00
       0.00000E+00    0.00000E+00   -0.16704E+01
       0.12734E+02    0.00000E+00    0.00000E+00
       0.00000E+00   -0.28122E+01    0.00000E+00
       0.00000E+00    0.00000E+00    0.99218E+01
       0.52428E+01    0.00000E+00    0.00000E+00
       0.00000E+00    0.36300E+00    0.00000E+00
       0.00000E+00    0.00000E+00    0.56058E+01
      -0.59585E+01    0.00000E+00    0.00000E+00
       0.00000E+00    0.18256E+01    0.00000E+00
       0.00000E+00    0.00000E+00   -0.41329E+01
      -0.53826E+01    0.00000E+00    0.00000E+00
       0.00000E+00    0.15100E+01    0.00000E+00
       0.00000E+00    0.00000E+00   -0.38726E+01
      -0.32291E+01    0.00000E+00    0.00000E+00
       0.00000E+00    0.78926E+00    0.00000E+00
       0.00000E+00    0.00000E+00   -0.24398E+01
       0.23967E+00    0.00000E+00    0.00000E+00
       0.00000E+00   -0.58473E-01    0.00000E+00
       0.00000E+00    0.00000E+00    0.18120E+00
       0.36608E+01    0.00000E+00    0.00000E+00
       0.00000E+00   -0.84954E+00    0.00000E+00
       0.00000E+00    0.00000E+00    0.28113E+01
       0.62932E+01    0.00000E+00    0.00000E+00
       0.00000E+00   -0.14718E+01    0.00000E+00
       0.00000E+00    0.00000E+00    0.48214E+01
       0.80593E+01    0.00000E+00    0.00000E+00
       0.00000E+00   -0.17756E+01    0.00000E+00
       0.00000E+00    0.00000E+00    0.62838E+01
       0.83566E+01    0.00000E+00    0.00000E+00
       0.00000E+00   -0.21870E+01    0.00000E+00
       0.00000E+00    0.00000E+00    0.61696E+01
       0.64544E+01    0.00000E+00    0.00000E+00
       0.00000E+00   -0.24048E+01    0.00000E+00
       0.00000E+00    0.00000E+00    0.40496E+01
       0.57376E+01    0.00000E+00    0.00000E+00
       0.00000E+00   -0.32074E+01    0.00000E+00
       0.00000E+00    0.00000E+00    0.25302E+01
       0.62193E+01    0.00000E+00    0.00000E+00
       0.00000E+00   -0.54484E+01    0.00000E+00
       0.00000E+00    0.00000E+00    0.77088E+00
       0.73848E+01    0.00000E+00    0.00000E+00
       0.00000E+00   -0.78290E+01    0.00000E+00
       0.00000E+00    0.00000E+00   -0.44423E+00
       0.89961E+01    0.00000E+00    0.00000E+00
       0.00000E+00   -0.12429E+02    0.00000E+00
       0.00000E+00    0.00000E+00   -0.34325E+01
       0.11361E+02    0.00000E+00    0.00000E+00
       0.00000E+00   -0.17275E+02    0.00000E+00
       0.00000E+00    0.00000E+00   -0.59141E+01
       0.12587E+02    0.00000E+00    0.00000E+00
       0.00000E+00   -0.28707E+02    0.00000E+00
       0.00000E+00    0.00000E+00   -0.16119E+02
       0.17746E+02    0.00000E+00    0.00000E+00
       0.00000E+00   -0.48399E+02    0.00000E+00
       0.00000E+00    0.00000E+00   -0.30653E+02
      -0.33663E+02    0.00000E+00    0.00000E+00
       0.00000E+00    0.27209E+03    0.00000E+00
       0.00000E+00    0.00000E+00    0.23843E+03
      -0.44427E+02    0.00000E+00    0.00000E+00
       0.00000E+00    0.26566E+03    0.00000E+00
       0.00000E+00    0.00000E+00    0.22123E+03
      -0.57659E+02    0.00000E+00    0.00000E+00
       0.00000E+00    0.29408E+03    0.00000E+00
       0.00000E+00    0.00000E+00    0.23642E+03
      -0.94445E+02    0.00000E+00    0.00000E+00
       0.00000E+00    0.16713E+03    0.00000E+00
       0.00000E+00    0.00000E+00    0.72683E+02
      -0.29401E+03    0.00000E+00    0.00000E+00
       0.00000E+00    0.18093E+03    0.00000E+00
       0.00000E+00    0.00000E+00   -0.11308E+03
      -0.34001E+03    0.00000E+00    0.00000E+00
       0.00000E+00    0.50197E+03    0.00000E+00
       0.00000E+00    0.00000E+00    0.16196E+03
       0.36655E+02    0.00000E+00    0.00000E+00
       0.00000E+00    0.48253E+03    0.00000E+00
       0.00000E+00    0.00000E+00    0.51918E+03
       0.18548E+03    0.00000E+00    0.00000E+00
       0.00000E+00    0.26608E+03    0.00000E+00
       0.00000E+00    0.00000E+00    0.45156E+03
       0.13878E+03    0.00000E+00    0.00000E+00
       0.00000E+00    0.21286E+03    0.00000E+00
       0.00000E+00    0.00000E+00    0.35164E+03
       0.18322E+03    0.00000E+00    0.00000E+00
       0.00000E+00    0.13739E+03    0.00000E+00
       0.00000E+00    0.00000E+00    0.32061E+03
       0.13099E+03    0.00000E+00    0.00000E+00
       0.00000E+00    0.15298E+03    0.00000E+00
       0.00000E+00    0.00000E+00    0.28397E+03
       0.12982E+03    0.00000E+00    0.00000E+00
       0.00000E+00    0.13033E+03    0.00000E+00
       0.00000E+00    0.00000E+00    0.26016E+03
       0.82577E+02    0.00000E+00    0.00000E+00
       0.00000E+00    0.15194E+03    0.00000E+00
       0.00000E+00    0.00000E+00    0.23451E+03
       0.48883E+02    0.00000E+00    0.00000E+00
       0.00000E+00    0.15825E+03    0.00000E+00
       0.00000E+00    0.00000E+00    0.20713E+03
       0.29047E+02    0.00000E+00    0.00000E+00
       0.00000E+00    0.16100E+03    0.00000E+00
       0.00000E+00    0.00000E+00    0.19004E+03
       0.19812E+02    0.00000E+00    0.00000E+00
       0.00000E+00    0.24557E+03    0.00000E+00
       0.00000E+00    0.00000E+00    0.26538E+03
       0.10958E+02    0.00000E+00    0.00000E+00
       0.00000E+00    0.24102E+03    0.00000E+00
       0.00000E+00    0.00000E+00    0.25197E+03
       0.11666E+02    0.00000E+00    0.00000E+00
       0.00000E+00    0.27416E+03    0.00000E+00
       0.00000E+00    0.00000E+00    0.28583E+03
       0.80004E+02    0.00000E+00    0.00000E+00
       0.00000E+00    0.17806E+02    0.00000E+00
       0.00000E+00    0.00000E+00    0.97810E+02
      -0.96626E+01    0.00000E+00    0.00000E+00
       0.00000E+00   -0.15735E+03    0.00000E+00
       0.00000E+00    0.00000E+00   -0.16702E+03
      -0.86508E+01    0.00000E+00    0.00000E+00
       0.00000E+00    0.19970E+03    0.00000E+00
       0.00000E+00    0.00000E+00    0.19105E+03
      -0.51847E+00    0.00000E+00    0.00000E+00
       0.00000E+00   -0.14882E+03    0.00000E+00
       0.00000E+00    0.00000E+00   -0.14934E+03
       0.64372E+00    0.00000E+00    0.00000E+00
       0.00000E+00    0.14701E+03    0.00000E+00
       0.00000E+00    0.00000E+00    0.14766E+03
      -0.10563E+01    0.00000E+00    0.00000E+00
       0.00000E+00   -0.13305E+03    0.00000E+00
       0.00000E+00    0.00000E+00   -0.13411E+03
      -0.30263E+01    0.00000E+00    0.00000E+00
       0.00000E+00    0.15477E+03    0.00000E+00
       0.00000E+00    0.00000E+00    0.15174E+03
       0.55392E+01    0.00000E+00    0.00000E+00
       0.00000E+00   -0.14086E+03    0.00000E+00
       0.00000E+00    0.00000E+00   -0.13532E+03
      -0.29295E+02    0.00000E+00    0.00000E+00
       0.00000E+00    0.16255E+03    0.00000E+00
       0.00000E+00    0.00000E+00    0.13326E+03
       0.82408E+02    0.00000E+00    0.00000E+00
       0.00000E+00    0.17100E+03    0.00000E+00
       0.00000E+00    0.00000E+00    0.25341E+03
       0.54464E+02    0.00000E+00    0.00000E+00
       0.00000E+00    0.19991E+03    0.00000E+00
       0.00000E+00    0.00000E+00    0.25438E+03
       0.40433E+02    0.00000E+00    0.00000E+00
       0.00000E+00    0.22958E+03    0.00000E+00
       0.00000E+00    0.00000E+00    0.27001E+03
       0.28098E+02    0.00000E+00    0.00000E+00
       0.00000E+00    0.24528E+03    0.00000E+00
       0.00000E+00    0.00000E+00    0.27338E+03
       0.75433E+01    0.00000E+00    0.00000E+00
       0.00000E+00    0.24183E+01    0.00000E+00
       0.00000E+00    0.00000E+00    0.99616E+01
       0.76965E+01    0.00000E+00    0.00000E+00
       0.00000E+00   -0.25852E+02    0.00000E+00
       0.00000E+00    0.00000E+00   -0.18156E+02
       0.16083E+00    0.00000E+00    0.00000E+00
       0.00000E+00   -0.12269E+02    0.00000E+00
       0.00000E+00    0.00000E+00   -0.12108E+02
      -0.10576E+02    0.00000E+00    0.00000E+00
       0.00000E+00    0.44279E+02    0.00000E+00
       0.00000E+00    0.00000E+00    0.33703E+02
      -0.50419E+00    0.00000E+00    0.00000E+00
       0.00000E+00   -0.29471E+02    0.00000E+00
       0.00000E+00    0.00000E+00   -0.29975E+02
      -0.20162E+01    0.00000E+00    0.00000E+00
       0.00000E+00    0.37759E+02    0.00000E+00
       0.00000E+00    0.00000E+00    0.35743E+02
       0.14882E+00    0.00000E+00    0.00000E+00
       0.00000E+00   -0.27830E+02    0.00000E+00
       0.00000E+00    0.00000E+00   -0.27682E+02
      -0.19797E+02    0.00000E+00    0.00000E+00
       0.00000E+00    0.36864E+02    0.00000E+00
       0.00000E+00    0.00000E+00    0.17067E+02
      -0.10083E+02    0.00000E+00    0.00000E+00
       0.00000E+00   -0.59156E+01    0.00000E+00
       0.00000E+00    0.00000E+00   -0.15999E+02
       0.88771E+02    0.00000E+00    0.00000E+00
       0.00000E+00    0.16000E+03    0.00000E+00
       0.00000E+00    0.00000E+00    0.24878E+03
       0.85319E+02    0.00000E+00    0.00000E+00
       0.00000E+00    0.18580E+03    0.00000E+00
       0.00000E+00    0.00000E+00    0.27112E+03
       0.57417E+02    0.00000E+00    0.00000E+00
       0.00000E+00    0.21229E+03    0.00000E+00
       0.00000E+00    0.00000E+00    0.26971E+03
       0.49503E+02    0.00000E+00    0.00000E+00
       0.00000E+00    0.22867E+03    0.00000E+00
       0.00000E+00    0.00000E+00    0.27817E+03
       0.13513E+02    0.00000E+00    0.00000E+00
       0.00000E+00   -0.17402E+02    0.00000E+00
       0.00000E+00    0.00000E+00   -0.38885E+01
       0.47135E+01    0.00000E+00    0.00000E+00
       0.00000E+00   -0.16184E+02    0.00000E+00
       0.00000E+00    0.00000E+00   -0.11470E+02
      -0.68112E+00    0.00000E+00    0.00000E+00
       0.00000E+00    0.10105E+02    0.00000E+00
       0.00000E+00    0.00000E+00    0.94237E+01
       0.53619E+00    0.00000E+00    0.00000E+00
       0.00000E+00   -0.83755E+01    0.00000E+00
       0.00000E+00    0.00000E+00   -0.78393E+01
      -0.22749E+01    0.00000E+00    0.00000E+00
       0.00000E+00    0.19731E+02    0.00000E+00
       0.00000E+00    0.00000E+00    0.17456E+02
       0.31240E+01    0.00000E+00    0.00000E+00
       0.00000E+00   -0.13621E+02    0.00000E+00
       0.00000E+00    0.00000E+00   -0.10497E+02
      -0.10194E+01    0.00000E+00    0.00000E+00
       0.00000E+00    0.16734E+02    0.00000E+00
       0.00000E+00    0.00000E+00    0.15714E+02
       0.95073E-01    0.00000E+00    0.00000E+00
       0.00000E+00   -0.35324E+01    0.00000E+00
       0.00000E+00    0.00000E+00   -0.34373E+01
      -0.51799E+01    0.00000E+00    0.00000E+00
       0.00000E+00    0.19732E+02    0.00000E+00
       0.00000E+00    0.00000E+00    0.14552E+02
       0.13537E+03    0.00000E+00    0.00000E+00
       0.00000E+00    0.16534E+03    0.00000E+00
       0.00000E+00    0.00000E+00    0.30071E+03
       0.84818E+02    0.00000E+00    0.00000E+00
       0.00000E+00    0.18408E+03    0.00000E+00
       0.00000E+00    0.00000E+00    0.26890E+03
       0.65029E+02    0.00000E+00    0.00000E+00
       0.00000E+00    0.20918E+03    0.00000E+00
       0.00000E+00    0.00000E+00    0.27421E+03
       0.39882E+02    0.00000E+00    0.00000E+00
       0.00000E+00    0.22453E+03    0.00000E+00
       0.00000E+00    0.00000E+00    0.26441E+03
       0.84522E+01    0.00000E+00    0.00000E+00
       0.00000E+00   -0.15561E+02    0.00000E+00
       0.00000E+00    0.00000E+00   -0.71087E+01
       0.67302E+01    0.00000E+00    0.00000E+00
       0.00000E+00   -0.79378E+01    0.00000E+00
       0.00000E+00    0.00000E+00   -0.12076E+01
       0.38210E+01    0.00000E+00    0.00000E+00
       0.00000E+00   -0.59823E+01    0.00000E+00
       0.00000E+00    0.00000E+00   -0.21613E+01
       0.86297E+00    0.00000E+00    0.00000E+00
       0.00000E+00    0.37709E+01    0.00000E+00
       0.00000E+00    0.00000E+00    0.46339E+01
       0.35259E+01    0.00000E+00    0.00000E+00
       0.00000E+00   -0.26805E+01    0.00000E+00
       0.00000E+00    0.00000E+00    0.84537E+00
       0.41267E+01    0.00000E+00    0.00000E+00
       0.00000E+00    0.46833E+01    0.00000E+00
       0.00000E+00    0.00000E+00    0.88100E+01
       0.10431E+02    0.00000E+00    0.00000E+00
       0.00000E+00   -0.46959E+01    0.00000E+00
       0.00000E+00    0.00000E+00    0.57350E+01
       0.13224E+02    0.00000E+00    0.00000E+00
       0.00000E+00    0.41636E+01    0.00000E+00
       0.00000E+00    0.00000E+00    0.17387E+02
       0.14077E+02    0.00000E+00    0.00000E+00
       0.00000E+00    0.69354E+01    0.00000E+00
       0.00000E+00    0.00000E+00    0.21013E+02
       0.95227E+02    0.00000E+00    0.00000E+00
       0.00000E+00    0.16636E+03    0.00000E+00
       0.00000E+00    0.00000E+00    0.26158E+03
       0.89176E+02    0.00000E+00    0.00000E+00
       0.00000E+00    0.20530E+03    0.00000E+00
       0.00000E+00    0.00000E+00    0.29447E+03
       0.43469E+02    0.00000E+00    0.00000E+00
       0.00000E+00    0.22369E+03    0.00000E+00
       0.00000E+00    0.00000E+00    0.26716E+03
       0.40273E+02    0.00000E+00    0.00000E+00
       0.00000E+00    0.23463E+03    0.00000E+00
       0.00000E+00    0.00000E+00    0.27490E+03
       0.86104E+01    0.00000E+00    0.00000E+00
       0.00000E+00   -0.10338E+02    0.00000E+00
       0.00000E+00    0.00000E+00   -0.17272E+01
       0.62770E+01    0.00000E+00    0.00000E+00
       0.00000E+00   -0.83735E+01    0.00000E+00
       0.00000E+00    0.00000E+00   -0.20965E+01
       0.41872E+01    0.00000E+00    0.00000E+00
       0.00000E+00   -0.31507E+01    0.00000E+00
       0.00000E+00    0.00000E+00    0.10365E+01
       0.37570E+01    0.00000E+00    0.00000E+00
       0.00000E+00   -0.27332E+01    0.00000E+00
       0.00000E+00    0.00000E+00    0.10239E+01
       0.35863E+01    0.00000E+00    0.00000E+00
       0.00000E+00    0.71694E+00    0.00000E+00
       0.00000E+00    0.00000E+00    0.43032E+01
       0.72195E+01    0.00000E+00    0.00000E+00
       0.00000E+00   -0.26697E+01    0.00000E+00
       0.00000E+00    0.00000E+00    0.45498E+01
       0.11004E+02    0.00000E+00    0.00000E+00
       0.00000E+00   -0.10772E+01    0.00000E+00
       0.00000E+00    0.00000E+00    0.99265E+01
       0.20484E+02    0.00000E+00    0.00000E+00
       0.00000E+00   -0.32220E+01    0.00000E+00
       0.00000E+00    0.00000E+00    0.17262E+02
       0.16667E+02    0.00000E+00    0.00000E+00
       0.00000E+00    0.82295E+01    0.00000E+00
       0.00000E+00    0.00000E+00    0.24897E+02
       0.11563E+03    0.00000E+00    0.00000E+00
       0.00000E+00    0.25208E+03    0.00000E+00
       0.00000E+00    0.00000E+00    0.36771E+03
       0.26261E+02    0.00000E+00    0.00000E+00
       0.00000E+00    0.24156E+03    0.00000E+00
       0.00000E+00    0.00000E+00    0.26783E+03
       0.94037E+01    0.00000E+00    0.00000E+00
       0.00000E+00    0.25675E+03    0.00000E+00
       0.00000E+00    0.00000E+00    0.26616E+03
      -0.59680E+01    0.00000E+00    0.00000E+00
       0.00000E+00    0.24584E+03    0.00000E+00
       0.00000E+00    0.00000E+00    0.23988E+03
       0.66667E+01    0.00000E+00    0.00000E+00
       0.00000E+00   -0.79656E+01    0.00000E+00
       0.00000E+00    0.00000E+00   -0.12990E+01
       0.57102E+01    0.00000E+00    0.00000E+00
       0.00000E+00   -0.54781E+01    0.00000E+00
       0.00000E+00    0.00000E+00    0.23202E+00
       0.43770E+01    0.00000E+00    0.00000E+00
       0.00000E+00   -0.40650E+01    0.00000E+00
       0.00000E+00    0.00000E+00    0.31198E+00
       0.32342E+01    0.00000E+00    0.00000E+00
       0.00000E+00   -0.15513E+01    0.00000E+00
       0.00000E+00    0.00000E+00    0.16829E+01
       0.35849E+01    0.00000E+00    0.00000E+00
       0.00000E+00   -0.13233E+01    0.00000E+00
       0.00000E+00    0.00000E+00    0.22615E+01
       0.41321E+01    0.00000E+00    0.00000E+00
       0.00000E+00   -0.22832E+00    0.00000E+00
       0.00000E+00    0.00000E+00    0.39038E+01
       0.60813E+01    0.00000E+00    0.00000E+00
       0.00000E+00   -0.62786E+00    0.00000E+00
       0.00000E+00    0.00000E+00    0.54534E+01
       0.90738E+01    0.00000E+00    0.00000E+00
       0.00000E+00    0.53657E+00    0.00000E+00
       0.00000E+00    0.00000E+00    0.96103E+01
       0.99096E+01    0.00000E+00    0.00000E+00
       0.00000E+00    0.36266E+01    0.00000E+00
       0.00000E+00    0.00000E+00    0.13536E+02
      -0.27672E+02    0.00000E+00    0.00000E+00
       0.00000E+00    0.24157E+03    0.00000E+00
       0.00000E+00    0.00000E+00    0.21390E+03
      -0.53579E+02    0.00000E+00    0.00000E+00
       0.00000E+00    0.35107E+03    0.00000E+00
       0.00000E+00    0.00000E+00    0.29749E+03
      -0.31366E+02    0.00000E+00    0.00000E+00
       0.00000E+00    0.29386E+03    0.00000E+00
       0.00000E+00    0.00000E+00    0.26250E+03
      -0.44050E+02    0.00000E+00    0.00000E+00
       0.00000E+00    0.27990E+03    0.00000E+00
       0.00000E+00    0.00000E+00    0.23585E+03
       0.57772E+01    0.00000E+00    0.00000E+00
       0.00000E+00   -0.49994E+01    0.00000E+00
       0.00000E+00    0.00000E+00    0.77782E+00
       0.48798E+01    0.00000E+00    0.00000E+00
       0.00000E+00   -0.40929E+01    0.00000E+00
       0.00000E+00    0.00000E+00    0.78696E+00
       0.36452E+01    0.00000E+00    0.00000E+00
       0.00000E+00   -0.26447E+01    0.00000E+00
       0.00000E+00    0.00000E+00    0.10005E+01
       0.23519E+01    0.00000E+00    0.00000E+00
       0.00000E+00   -0.15174E+01    0.00000E+00
       0.00000E+00    0.00000E+00    0.83448E+00
       0.94679E+00    0.00000E+00    0.00000E+00
       0.00000E+00   -0.11542E+00    0.00000E+00
       0.00000E+00    0.00000E+00    0.83137E+00
      -0.43188E+00    0.00000E+00    0.00000E+00
       0.00000E+00    0.11684E+01    0.00000E+00
       0.00000E+00    0.00000E+00    0.73650E+00
      -0.33071E+01    0.00000E+00    0.00000E+00
       0.00000E+00    0.35172E+01    0.00000E+00
       0.00000E+00    0.00000E+00    0.21013E+00
      -0.74863E+01    0.00000E+00    0.00000E+00
       0.00000E+00    0.56090E+01    0.00000E+00
       0.00000E+00    0.00000E+00   -0.18773E+01
      -0.58466E+01    0.00000E+00    0.00000E+00
       0.00000E+00    0.82814E+00    0.00000E+00
       0.00000E+00    0.00000E+00   -0.50184E+01
      -0.26631E+03    0.00000E+00    0.00000E+00
       0.00000E+00    0.62271E+03    0.00000E+00
       0.00000E+00    0.00000E+00    0.35640E+03
      -0.55724E+02    0.00000E+00    0.00000E+00
       0.00000E+00    0.34013E+03    0.00000E+00
       0.00000E+00    0.00000E+00    0.28440E+03
      -0.71987E+02    0.00000E+00    0.00000E+00
       0.00000E+00    0.30165E+03    0.00000E+00
       0.00000E+00    0.00000E+00    0.22967E+03
      -0.28560E+02    0.00000E+00    0.00000E+00
       0.00000E+00    0.31905E+03    0.00000E+00
       0.00000E+00    0.00000E+00    0.29049E+03
       0.52311E+01    0.00000E+00    0.00000E+00
       0.00000E+00   -0.30677E+01    0.00000E+00
       0.00000E+00    0.00000E+00    0.21634E+01
       0.43214E+01    0.00000E+00    0.00000E+00
       0.00000E+00   -0.24141E+01    0.00000E+00
       0.00000E+00    0.00000E+00    0.19074E+01
       0.29710E+01    0.00000E+00    0.00000E+00
       0.00000E+00   -0.17043E+01    0.00000E+00
       0.00000E+00    0.00000E+00    0.12667E+01
       0.12841E+01    0.00000E+00    0.00000E+00
       0.00000E+00   -0.68217E+00    0.00000E+00
       0.00000E+00    0.00000E+00    0.60197E+00
      -0.96179E+00    0.00000E+00    0.00000E+00
       0.00000E+00    0.50875E+00    0.00000E+00
       0.00000E+00    0.00000E+00   -0.45304E+00
      -0.40441E+01    0.00000E+00    0.00000E+00
       0.00000E+00    0.26201E+01    0.00000E+00
       0.00000E+00    0.00000E+00   -0.14240E+01
      -0.94528E+01    0.00000E+00    0.00000E+00
       0.00000E+00    0.50700E+01    0.00000E+00
       0.00000E+00    0.00000E+00   -0.43827E+01
      -0.18969E+02    0.00000E+00    0.00000E+00
       0.00000E+00    0.86079E+01    0.00000E+00
       0.00000E+00    0.00000E+00   -0.10361E+02
      -0.17072E+02    0.00000E+00    0.00000E+00
       0.00000E+00    0.26108E+01    0.00000E+00
       0.00000E+00    0.00000E+00   -0.14461E+02
       0.56459E+01    0.00000E+00    0.00000E+00
       0.00000E+00   -0.18836E+01    0.00000E+00
       0.00000E+00    0.00000E+00    0.37623E+01
       0.46217E+01    0.00000E+00    0.00000E+00
       0.00000E+00   -0.17171E+01    0.00000E+00
       0.00000E+00    0.00000E+00    0.29046E+01
       0.27292E+01    0.00000E+00    0.00000E+00
       0.00000E+00   -0.97368E+00    0.00000E+00
       0.00000E+00    0.00000E+00    0.17555E+01
       0.51187E+00    0.00000E+00    0.00000E+00
       0.00000E+00   -0.23674E+00    0.00000E+00
       0.00000E+00    0.00000E+00    0.27513E+00
      -0.18184E+01    0.00000E+00    0.00000E+00
       0.00000E+00    0.69514E+00    0.00000E+00
       0.00000E+00    0.00000E+00   -0.11232E+01
      -0.48314E+01    0.00000E+00    0.00000E+00
       0.00000E+00    0.21020E+01    0.00000E+00
       0.00000E+00    0.00000E+00   -0.27294E+01
      -0.68763E+01    0.00000E+00    0.00000E+00
       0.00000E+00    0.36832E+01    0.00000E+00
       0.00000E+00    0.00000E+00   -0.31932E+01
      -0.12345E+02    0.00000E+00    0.00000E+00
       0.00000E+00    0.41779E+01    0.00000E+00
       0.00000E+00    0.00000E+00   -0.81668E+01
      -0.13568E+02    0.00000E+00    0.00000E+00
       0.00000E+00    0.31651E+01    0.00000E+00
       0.00000E+00    0.00000E+00   -0.10403E+02
