
     **************************************************************************
     *                                                                        *
     *                                                                        *
     *                  ANALISE NAO-LINEAR DE PLACAS ESPESSAS                 *
     *                                                                        *
     *                    MESHLESS LOCAL PETROV-GALERKIN                    *
     *                                                                        *
     *                                                                        *
     **************************************************************************
     *                                                    *                   *
     *                                                    *  DATA: 31-01-2018 *
     *                DANILO HIROSHI KONDA                *                   *
     *                                                    *  HORA: 11:13:31   *
     *                                                    *                   *
     **************************************************************************

     DESCRICAO DO PROBLEMA


          APROXIMACAO LINEAR

          N DE PONTOS NO CONTORNO = 57

          N DE PONTOS INTERNOS = 113

          N DE CANTOS =  5

          N DE PONTOS DE GAUSS = 16

          INICIAR COM PONTOS ADICIONAIS NO SUPORTE =  4


                         GEOMETRIA DA PLACA
     CANTO     COORD X     COORD Y     CANTO ANTERIOR     CANTO POSTERIOR
      1        5.000       0.000            49                 15
     15      100.000       0.000             1                 25
     25      100.000     100.000            15                 35
     35        0.000     100.000            25                 49
     49        0.000       5.000            35                  1


**************************************************************************
                         DESLOCAMENTOS NODAIS

    NO   ROTACAO 1   ROTACAO 2   DESL. TRANV.   M11            M22           M12          Q1          Q2
    01   0.48918E-06    -0.24374E+03     0.22620E-02
    02  -0.12232E-05    -0.29303E+03     0.25473E-02
    03   0.38219E-05    -0.40988E+03     0.78556E-03
    04  -0.91785E-05    -0.45050E+03     0.59388E-05
    05   0.87866E-05    -0.47291E+03     0.10848E-05
    06  -0.20822E-05    -0.48291E+03    -0.35274E-06
    07  -0.10278E-05     0.33526E+04    -0.18575E-05
    08   0.39425E+00    -0.95545E+03    -0.15174E-05
    09  -0.15265E+00     0.60646E+02    -0.61595E-06
    10   0.68478E-06    -0.95660E+03    -0.11962E-05
    11   0.13560E-01     0.19120E+02     0.48142E-07
    12   0.13977E+00    -0.10303E+04     0.90068E-07
    13  -0.11104E+00    -0.12675E+03    -0.24378E-06
    14  -0.22289E-05    -0.17616E+04     0.43808E-06
    15  -0.92164E+02    -0.69219E-06     0.12925E-05
    16  -0.40031E+03    -0.47192E+03     0.68453E-06
    17  -0.16489E+03    -0.10548E+04     0.72689E-08
    18   0.20349E+03    -0.13559E+04     0.42057E-06
    19   0.67433E+03    -0.10924E+04    -0.27396E-06
    20   0.82338E+03    -0.40919E+03    -0.18513E-06
    21   0.54491E+03     0.18205E+03    -0.25684E-06
    22   0.45761E+02     0.24790E+03     0.72841E-06
    23  -0.28842E+03    -0.26238E+03     0.17852E-05
    24  -0.17185E+03    -0.90959E+03     0.11143E-05
    25   0.30487E+03    -0.11551E+04    -0.51570E-06
    26   0.21086E+03    -0.51450E+03     0.49497E-06
    27   0.98808E+02    -0.31935E+03    -0.10097E-06
    28   0.10673E+03    -0.30255E+03    -0.15250E-06
    29   0.16320E+03    -0.27154E+03    -0.24673E-06
    30   0.20858E+03    -0.21109E+03    -0.56948E-06
    31   0.22443E+03    -0.13078E+03     0.42764E-06
    32   0.20531E+03    -0.47777E+02     0.51637E-06
    33   0.15569E+03     0.23024E+02    -0.93107E-07
    34   0.83310E+02     0.68847E+02    -0.14074E-06
    35   0.15017E-06     0.82574E+02    -0.23750E-07
    36   0.14904E-01     0.10519E+03    -0.46942E-07
    37  -0.73623E-02     0.13308E+03     0.79211E-06
    38   0.20805E-01     0.17615E+03     0.95678E-07
    39   0.16336E-01     0.24355E+03    -0.64606E-06
    40  -0.42047E-01     0.34308E+03     0.36141E-06
    41   0.79801E-01     0.49253E+03     0.49420E-06
    42   0.18389E-01     0.71449E+03    -0.42688E-06
    43   0.32400E-05     0.10546E+04    -0.10702E-05
    44  -0.88844E-06     0.17865E+04    -0.61609E-06
    45   0.73890E-06     0.15136E+04     0.25716E-06
    46  -0.13696E-05     0.12474E+04    -0.35920E-07
    47  -0.11094E+01     0.99851E+03     0.43023E-06
    48  -0.19705E-06     0.86580E+03     0.48671E-06
    49  -0.50112E+03     0.50112E+03     0.95523E-07
    50  -0.72477E+03    -0.13172E+02     0.64546E-06
    51  -0.66498E+03     0.83343E+02     0.29060E-06
    52  -0.62313E+03     0.14563E+03    -0.76012E-07
    53  -0.51078E+03     0.18510E+03    -0.72034E-06
    54  -0.40877E+03     0.17411E+03    -0.41804E-06
    55  -0.28681E+03     0.11967E+03     0.81439E-07
    56  -0.17493E+03     0.24688E+02     0.33483E-06
    57  -0.67741E+02    -0.10331E+03     0.49647E-03
    58  -0.38124E+02    -0.86816E+02     0.24894E-03
    59  -0.20337E+02    -0.10189E+03     0.66250E-05
    60  -0.13366E+02    -0.90443E+02    -0.29162E-06
    61  -0.45700E+01    -0.41006E+02    -0.49953E-06
    62   0.30196E+03     0.49991E+03     0.12730E-05
    63   0.16115E+03     0.10203E+04    -0.13003E-06
    64   0.82591E+02    -0.10144E+03     0.64086E-06
    65   0.19813E+02    -0.34345E+03     0.44811E-06
    66   0.38480E+02    -0.31433E+03    -0.81721E-06
    67   0.24792E+02    -0.50084E+03    -0.50145E-06
    68   0.15620E+02    -0.46798E+03    -0.51918E-06
    69  -0.10422E+02    -0.70637E+03    -0.57921E-08
    70  -0.42753E+01    -0.10070E+04    -0.19906E-07
    71  -0.12650E+03     0.96217E+02    -0.85106E-06
    72  -0.88223E+02     0.15712E+03    -0.44668E-06
    73  -0.55702E+02     0.23559E+03    -0.23279E-06
    74  -0.33577E+02     0.33985E+03     0.18230E-06
    75   0.16798E+03     0.75332E+03    -0.17050E-06
    76   0.16393E+03     0.60113E+03    -0.32384E-06
    77   0.26885E+03     0.41780E+02     0.15957E-06
    78   0.15028E+03    -0.86873E+02     0.57087E-07
    79   0.12078E+03    -0.40180E+03     0.17030E-07
    80   0.11878E+03    -0.28544E+03    -0.38000E-06
    81   0.95811E+02    -0.56731E+03    -0.29614E-06
    82   0.75750E+02    -0.53960E+03     0.41982E-07
    83  -0.18207E+03    -0.87647E+03     0.24545E-06
    84  -0.23096E+03     0.24402E+03    -0.18474E-07
    85  -0.16727E+03     0.36207E+03     0.94041E-07
    86  -0.12086E+03     0.49407E+03    -0.16713E-06
    87  -0.84709E+02     0.64638E+03    -0.15002E-06
    88   0.11963E+03     0.60313E+03    -0.21438E-06
    89   0.23138E+03     0.39506E+03     0.31330E-06
    90   0.22798E+03     0.14263E+03    -0.22613E-06
    91   0.24338E+03    -0.10169E+03    -0.18979E-06
    92   0.21737E+03    -0.22482E+03     0.53971E-07
    93   0.22302E+03    -0.36074E+03     0.27170E-06
    94   0.25468E+03    -0.40798E+03     0.61550E-10
    95   0.23435E+03    -0.52888E+03     0.18720E-06
    96   0.24522E+03    -0.71870E+03     0.14450E-06
    97  -0.31867E+03     0.34568E+03    -0.28576E-06
    98  -0.25001E+03     0.51041E+03    -0.13923E-06
    99  -0.18506E+03     0.68587E+03    -0.79609E-07
   100  -0.14905E+03     0.87925E+03     0.90403E-07
   101   0.11328E+03     0.42819E+03     0.88666E-07
   102   0.18334E+03     0.30154E+03     0.13538E-06
   103   0.24501E+03     0.10638E+03    -0.30839E-07
   104   0.25333E+03    -0.62465E+02     0.24005E-06
   105   0.27820E+03    -0.22040E+03     0.91993E-07
   106   0.31480E+03    -0.31670E+03    -0.81002E-07
   107   0.37613E+03    -0.41101E+03     0.25309E-08
   108   0.49799E+03    -0.47293E+03    -0.37255E-07
   109   0.63125E+03    -0.62352E+03    -0.26635E-06
   110  -0.41559E+03     0.39554E+03    -0.16048E-06
   111  -0.29924E+03     0.60794E+03    -0.29374E-06
   112  -0.22994E+03     0.82406E+03    -0.65866E-07
   113  -0.18230E+03     0.10497E+04     0.76815E-08
   114   0.86414E+02     0.30951E+03     0.86925E-07
   115   0.16569E+03     0.20766E+03     0.10498E-07
   116   0.21268E+03     0.72069E+02    -0.45080E-08
   117   0.25405E+03    -0.78559E+02     0.34685E-07
   118   0.28519E+03    -0.21345E+03     0.96267E-08
   119   0.33494E+03    -0.33220E+03    -0.18707E-07
   120   0.42429E+03    -0.42306E+03     0.46357E-08
   121   0.56229E+03    -0.48840E+03    -0.70602E-08
   122   0.78639E+03    -0.49900E+03     0.27424E-07
   123  -0.43465E+03     0.41304E+03     0.38359E-07
   124  -0.32053E+03     0.66875E+03    -0.17064E-07
   125  -0.22874E+03     0.92701E+03    -0.71971E-09
   126  -0.20086E+03     0.11711E+04    -0.30113E-10
   127   0.73367E+02     0.21610E+03    -0.13213E-06
   128   0.13515E+03     0.14209E+03     0.00000E+00
   129   0.18710E+03     0.29406E+02     0.00000E+00
   130   0.22241E+03    -0.97763E+02     0.00000E+00
   131   0.25507E+03    -0.22602E+03     0.00000E+00
   132   0.28976E+03    -0.34362E+03     0.00000E+00
   133   0.33600E+03    -0.44402E+03     0.00000E+00
   134   0.41360E+03    -0.50184E+03     0.00000E+00
   135   0.51816E+03    -0.40062E+03    -0.85373E-07
   136  -0.44731E+03     0.39388E+03    -0.12987E-07
   137  -0.24039E+03     0.73974E+03     0.00000E+00
   138  -0.17224E+03     0.10464E+04     0.00000E+00
   139  -0.14990E+03     0.13205E+04     0.00000E+00
   140   0.60386E+02     0.15564E+03     0.15983E-07
   141   0.11526E+03     0.92068E+02     0.00000E+00
   142   0.15722E+03    -0.27715E+01     0.00000E+00
   143   0.18794E+03    -0.11587E+03     0.00000E+00
   144   0.20456E+03    -0.23223E+03     0.00000E+00
   145   0.20771E+03    -0.33940E+03     0.00000E+00
   146   0.19018E+03    -0.42823E+03     0.00000E+00
   147   0.13740E+03    -0.47658E+03     0.00000E+00
   148   0.57716E+02    -0.36663E+03     0.67120E-07
   149  -0.23188E+03     0.47368E+03     0.13465E-06
   150  -0.92725E+02     0.87588E+03     0.41381E-07
   151  -0.86584E+02     0.11721E+04    -0.26173E-07
   152  -0.47389E+02     0.14764E+04     0.71078E-07
   153   0.55755E+02     0.11570E+03     0.14138E-06
   154   0.10447E+03     0.60573E+02     0.00000E+00
   155   0.14200E+03    -0.24683E+02     0.00000E+00
   156   0.16333E+03    -0.12628E+03     0.00000E+00
   157   0.16632E+03    -0.22852E+03     0.00000E+00
   158   0.14347E+03    -0.31728E+03     0.00000E+00
   159   0.83037E+02    -0.37639E+03     0.00000E+00
   160  -0.44350E+02    -0.40110E+03     0.00000E+00
   161  -0.26058E+03    -0.38988E+03     0.20228E-06
   162   0.61117E+02     0.92417E+02    -0.79646E-07
   163   0.11457E+03     0.41204E+02    -0.29282E-07
   164   0.15268E+03    -0.37268E+02     0.55845E-07
   165   0.17001E+03    -0.12997E+03     0.95661E-07
   166   0.16282E+03    -0.22161E+03    -0.13066E-06
   167   0.13046E+03    -0.29172E+03     0.93299E-08
   168   0.68248E+02    -0.32903E+03    -0.39882E-08
   169  -0.17099E+02    -0.32741E+03    -0.62310E-07
   170  -0.15978E+03    -0.40690E+03     0.26375E-06


     **************************************************************************
     *                                                    *  DATA: 31-01-2018 *
     *          Danilo Hiroshi Konda                     *                   *
     *          Prof. Jose Antonio Fontes Santiago        *  HORA: 11:13:45  *
     *                                                    *                   *
     **************************************************************************
